..·.·-25⁰² 7666·

· ‚ 6666646496 648636
¹0 4094904 44876· 87 96521497-96519342
²⁰ 4869446 45221. 79 9N6149441⁹⁶553477
³0 4646636 4667664 96676660 96687646
40 46744 4·86 4'5924· ·39 96004884 96666494
505¹&- 4199806 46677 09 9·⁶²3'²²⁸......⁷ 96660660
25 0 42264. 63 4669077, 96259453 96686749
6684678838 473409'5³ 96343258 96752372 ·
30. 45031. ιι 47697667 9699844 9678 4961
40 4476494 4805512 9635523196817396
,6,66 43575 48 48466· 68 '’Qum-E ,96849687
0 4383 700 48773 ·866 9644842096884818
ιο 84μο98 98 49833 868 96444226 9=6913809
664446907 46496 468 96469844 96646666
30 4466978 49868 668 96493674 96977464
40 44879 92 668688 9 96520521 97668936
ι90884 439685 0696 6 4 96545584⁹·⁷0403⁶2
7740

10 46 5'25· 48· :46985 39 846466490896760694

boumn-‘⁶’

45 39905 66666 64 96676468 67076669

- ²71054565844451349.5 5‚0 9669976497606874
· 20¹·4591664 6,.6687448 966197019913 859
04 46474 86 52056 705 96644056 97384767
0.4643269 52426. 98 946663238' 9-7196949

80 4.669012 40798 39 96692250 96066707

muman-⁴*

ἴε 0 46947 66 53170 94 96776099 97660744
10 ¹·47303 80 6364466 967496 69 93² ⁸5161 8
40 84746064 64669 66 96764446 67447460 2
0 4775588 542955 67 96786609 9644788446
408 47977.37 54672 81 9Η680983697377734 8
404 48226 34 55051. 25 9683-4-843 ἵν’-6407670

’ἔρ 0 4848696 6643696 ’96866 412 97437520
40.487445755.·8¹179 96878476 67467969
20 4898897 6669396. 66900533 96496896

049646 36 6667786 96909988 97966466
4046496 436 696Ι 96 96046646 97966 846
,Μ 50 4974787 673474 96066746 67686670

- 4

 

